1.937719
-0.4525623
0.8445734
0.04749972
1.655599
-4.025757
3.336142
2.065904
-0.2908477
-0.4435436
-2.357491
-4.231137
-0.6137866
0.1322316
-4.012684
-0.2469084
1.872008
3.402368
-1.426306
-2.338747
1.584069
-0.5470604
-0.5768893
0.7692664
0.5769418
-2.984164
-0.263004
0.588192
0.9340537
-2.952717
0.3594418
-0.5156347
-2.77488
0.6654366
0.7453128
-3.754532
0.6498482
2.393671
-0.4281855
-1.463169
-2.396209
3.785281
1.322945
0.9244266
0.8221245
-2.281273
-1.519874
-0.1669063
0.5971897
-2.250412
0.3900325
0.4624392
-1.619617
-1.141378
2.580402
-1.040933
-0.2637764
-1.793873
-0.2535653
2.871483
4.96453
-1.067882
-0.950779
-4.614949
0.1053507
3.544804
2.984
0.9150838
-1.547716
1.788177
2.487553
1.163924
0.8596177
-3.588038
-0.2466271
1.561508
0.8028231
0.802031
-0.5431843
1.729648
2.044048
-0.3492608
0.6374472
0.786301
0.7382216
2.54455
1.727486
0.7482893
-2.689352
0.3995013
-0.5668837
-2.318361
1.698752
-0.7726755
1.215292
0.5603331
0.1439061
-2.106595
0.2336702
-1.12712
-1.25689
1.935463
-0.602366
-1.323706
0.8877838
2.855981
-1.971708
-2.305361
3.761621
-0.3250156
-3.665598
-0.595382
0.5370192
-2.046016
2.204401
3.262794
-1.989306
2.701751
1.096383
3.197256
1.113837
-1.394247
-1.443257
0.2883692
-3.444435
-3.794335
0.1566524
3.528038
0.4488189
-1.064525
0.8882895
4.196623
1.308105
-1.201859
-2.474983
-2.734927
-0.5782362
-1.562243
4.278822
-1.489041
-0.08993979
2.113894
0.7820111
-1.150116
0.3807043
-0.8619255
0.1552252
3.16553
0.7054104
-0.7106455
-0.5564554
-0.7907285
-0.08762909
-2.232029
2.727449
1.556972
3.635013
0.9087443
0.9581915
-0.7253888
0.7046913
-5.393717
0.2486417
-5.142897
-3.130956
-0.4328716
-0.5039998
-1.907221
1.018638
3.250072
-0.5002596
0.9369554
0.8141735
-2.959042
1.30078
2.154766
-0.1136298
0.31815
-0.5095518
1.728234
0.5476559
0.1490021
-1.047837
0.07884258
1.570494
-1.622575
2.635601
-1.798958
0.6388924
-2.171401
1.453034
-1.055521
0.1330886
-0.1371777
-1.972987
1.170166
-1.936213
-1.674903
0.6228673
0.229074
1.722785
-0.7406166
0.4707699
0.9901377
0.3479706
-0.1546888
-1.464448
0.6250411
-0.5495061
0.7613989
-1.695153
-0.0830586
-5.000013
-1.668867
-0.7064469
0.9885552
1.809577
0.6904694
2.052489
-0.1019233
3.791436
1.025364
2.392374
1.474142
2.485953
-1.025076
-0.3363515
0.3326446
-0.2222003
-1.566861
-1.498947
-2.14764
-0.06792761
-3.735765
3.141966
-1.102846
-1.17237
-0.1322364
0.7350873
-1.102127
-1.443666
1.832433
-1.06289
-0.9178887
-5.852771
3.445899
3.536386
0.1724045
-2.690652
1.671777
-4.829935
2.433517
2.160174
-0.9161316
1.342905
3.980388
-1.855858
0.00982511
2.781299
-1.734147
3.115556
0.8943294
0.2137663
3.290044
5.345158
-1.604573
-2.061112
-4.479768
2.808146
1.840032
1.840866
2.073095
0.5180182
-2.318647
-0.9834561
-1.922366
-1.363915
-0.6527003
-1.316475
-3.509755
-3.741487
2.910146
-0.2356789
1.170157
-3.024942
-3.584491
-1.726398
-4.228974
3.21791
1.711591
1.218778
-1.322367
1.770399
2.357597
-4.134614
0.1769609
1.102751
7.141141
-0.1490635
0.3274339
-1.066591
1.678519
0.9920959
-0.6583025
0.3246818
1.54861
-0.2812809
-1.228041
-0.8665029
-0.4839046
-1.335055
-0.9801219
-2.324569
-0.5642078
-1.847967
-4.887114
2.082116
-2.167352
1.120179
0.6848736
-1.873641
-1.55336
0.007632002
-0.5399859
0.01495314
-0.7577804
0.6315158
-0.7445066
-3.032801
-2.353134
2.55209
-1.308187
1.051031
-0.6206891
0.9771703
-2.24459
2.71955
1.76611
-1.616091
0.4008046
0.9729661
0.8238345
-2.019804
3.470366
1.635536
2.490215
1.001962
-0.04308048
2.245738
4.405992
2.49127
-2.225457
-1.016625
1.854259
1.33176
-1.865627
0.4938171
1.417602
0.08619437
1.168159
0.9727145
2.317623
0.9605532
1.916203
-1.208772
-0.1619445
8.227722
-0.2009329
1.064137
3.553309
-0.6163562
-2.273621
-2.497936
0.8746357
-2.262595
-0.252239
-0.8677372
2.447759
0.02952412
0.3308216
0.09867805
-1.654667
-0.2977349
4.636548
3.398084
-0.1032713
0.8696386
-3.026768
0.6856334
1.110443
-0.3680984
3.127517
1.138771
0.3383427
-1.797984
3.020128
0.4949768
4.562542
2.807818
1.496717
-0.6760402
0.8146032
2.608382
-6.308067
1.121927
-2.40517
-0.9456792
-0.8291352
4.306622
3.046268
3.630692
0.9344202
0.006897032
2.741909
-1.733249
0.08557177
-1.717382
1.742083
-2.395283
0.7173167
2.241884
1.537842
-2.910103
-1.727176
-2.774996
-3.216833
-2.466692
-0.1140432
-0.2111762
-1.414004
-0.3234029
4.175403
-3.365566
0.6419258
-0.95847
-1.319029
-0.9520341
-0.9876777
0.7335819
-2.867403
-0.2739221
1.162377
-1.589481
1.318928
0.6354718
-2.792998
2.106436
2.516892
2.727521
3.066895
1.740831
0.7521882
-2.858184
1.968704
1.926348
0.5009468
-0.5797628
0.5708662
-4.53989
-0.8070428
-0.1012758
-1.204762
3.085552
-3.643445
2.017918
-2.105491
-1.113854
-1.720066
-0.3552686
-1.682064
-4.890318
1.791834
0.2345796
1.866025
-0.3873934
-0.525153
-1.07488
-2.435484
3.023978
-0.03679961
-0.9846322
-2.464637
-1.321371
2.790514
2.576665
2.418979
-0.3484731
0.7737086
-0.686326
-0.7029645
0.8636606
1.648818
0.01121855
2.149702
2.087524
1.593296
1.197933
-1.639987
-1.364074
-2.1617
1.028757
2.333844
-1.81057
-1.276279
-0.7010862
-0.8766648
1.64922
1.392416
0.116279
-0.3344417
-2.012629
-5.169036
0.5569664
-1.302611
-2.951406
3.875944
2.049228
-3.549699
-0.106793
-0.2651587
-3.679966
-0.5885625
-1.645724
1.129152
4.16692
-0.9631976
0.5181987
0.4656379
-2.25175
1.830126
0.4702506
-0.5522897
2.541314
1.768471
-0.7369614
-1.759285
-0.03714436
3.087257
-1.924484
1.860391
0.1605197
-0.6689355
1.689513
-0.3868821
-0.4090992
-0.3037265
-1.850173
0.560526
-1.760654
-0.8908643
-0.4531664
6.547593
-1.07088
-0.3884898
0.1679116
-2.145675
1.174381
0.9961166
0.04641506
1.006288
1.030767
-1.48981
1.631261
2.046259
-1.975971
1.379719
-0.7289754
3.076001
-0.2401218
2.222197
-0.2526839
2.876655
-0.4498632
-0.9178817
-2.29133
-2.988173
-3.379432
3.897221
1.340846
-1.999218
0.4578527
1.512538
-1.068798
1.565841
1.563829
2.8172
2.261996
-1.1625
1.780863
-1.18789
-2.566561
-0.4282316
4.136409
-0.6567401
0.9975294
2.23081
1.679454
2.449692
1.685465
-3.102983
-0.6311268
-1.174685
-0.6914247
0.3025488
-2.074277
-0.470899
0.518257
-0.7142438
-0.2303323
-1.731258
1.490394
2.568565
-0.5112076
2.177518
1.668562
1.190906
1.064983
0.8239003
2.874781
3.805031
2.264322
-1.613395
-1.354221
5.413958
-4.61691
0.08827698
-4.766497
-2.811622
-2.508165
0.2281247
-2.071076
0.006666422
1.898998
1.582549
-5.290302
-0.4012375
-1.720678
0.3322143
1.371095
1.325581
-3.183542
-3.79066
1.90864
-1.109476
-1.81139
0.799947
-1.908884
-1.771041
1.808618
2.369631
1.359353
3.216428
-0.2377385
2.176379
2.177617
4.585605
4.23435
-1.487642
-0.3661398
2.014308
1.776924
0.7159135
-3.729228
-2.031758
3.849908
-1.139856
-1.461914
2.588275
0.5160833
0.1000881
3.755993
-1.839823
0.01878613
2.803373
0.4446802
1.983929
0.09920508
-0.209993
2.757193
-0.2245404
1.494556
-2.181945
0.5259894
-0.5213159
3.7154
-4.377907
0.4781809
0.1524639
-1.19797
3.911196
-0.8648494
-3.733818
-1.306142
-0.8410236
-2.263961
0.07090735
-3.16913
0.1153142
0.6979529
-0.3852931
-3.999413
2.300519
0.9927176
3.330664
0.9571569
1.15815
1.817002
-4.219657
-0.0688774
-0.1245977
-2.108017
-1.809108
0.1482581
-3.371347
-2.566722
0.09904552
-0.9210471
0.2426448
2.151658
-0.699968
2.857217
-0.708477
-1.661164
1.512236
0.92063
2.28823
-1.613437
0.552008
0.7425122
0.7706465
2.531167
-3.918024
0.8122323
-2.707203
-0.6801597
-1.575647
0.1847981
0.3128348
-0.8029773
-0.8247623
-0.3885953
1.460768
-1.833503
-0.5328181
-0.8090451
-4.325879
2.15197
0.5110615
-4.525115
-0.006106079
-1.205755
1.307534
-1.979136
2.835491
2.13966
0.9079344
2.453623
4.276229
0.3105774
0.6808316
-2.101641
4.179029
0.03670204
3.209725
-1.224298
2.229852
-1.06214
-0.3880124
1.779187
0.8422529
1.13292
-0.8243048
2.715394
0.03835481
-1.760877
0.1713516
-2.542131
-1.276708
-2.509417
-0.1852991
-0.7869918
1.775653
3.188067
-0.4590172
-0.07108611
-2.386888
1.06081
-2.869631
2.613307
-1.743129
-0.6858627
-1.778065
0.7105017
1.683526
-0.7340574
2.45359
0.7284997
-1.425318
0.04640411
-1.496081
-0.4633163
0.8715307
-1.206722
-0.9295169
-4.806308
3.386595
-0.006893218
0.8897691
-2.970622
2.435346
4.987185
-0.5900094
3.240515
-3.601446
1.115559
-0.2915325
-1.372042
1.270352
0.562456
-1.381731
-3.978207
2.742945
-1.422572
1.861466
1.917347
-1.138326
4.462548
-0.5424812
-2.003074
3.161835
2.419524
1.247005
-2.108495
-1.171133
0.2019544
0.06963384
0.6085175
0.8991536
1.660341
1.581012
-4.964472
2.461103
-0.8382979
0.9247749
-1.303682
2.831804
3.328067
-3.140557
0.573266
0.0411635
-1.66023
4.828097
-1.392867
0.8027272
0.7649166
-2.034648
-0.4073919
2.523818
-0.2788374
-0.6346303
-1.188755
-0.1438227
1.530513
1.607964
3.935538
1.120357
-3.229299
0.0646888
-0.2688159
-2.986682
-2.83646
2.986912
2.504155
1.481814
-1.083984
-1.100393
4.084897
-2.89303
-4.060943
-3.479856
1.203258
0.01863086
1.811497
0.443671
0.0140513
3.909533
0.4431673
-1.698739
1.033131
-0.624773
-0.7681738
-4.289522
1.208704
-1.6214
-2.658069
-1.495779
1.736602
2.914915
3.414673
2.260492
-1.646681
2.107213
-1.703017
0.2141271
-2.183184
1.121351
0.6844034
1.961007
1.32677
1.251616
3.486461
1.525276
1.964483
1.632304
1.166491
-0.9779385
0.4589991
-1.556667
0.4899344
-1.527038
-1.644688
0.02122563
1.114007
-0.4184937
-0.04336804
-0.3092502
0.9270189
0.4652112
2.238709
-0.5725181
2.284515
1.448112
-1.7051
-0.3819948
2.41653
1.590194
-0.6990914
1.73967
-0.3666812
-1.541034
-0.5993524
-1.273408
-0.4907869
-1.546411
-1.68172
4.845425
-1.228354
1.732306
1.427026
0.5016041
2.20927
-0.4263105
1.603723
2.631421
-1.344567
1.563473
-0.05069657
-1.079438
0.8510016
1.875649
-1.253965
-0.7252172
1.257135
-2.264686
2.700649
3.341318
2.746626
-2.631714
1.661339
2.05582
1.063455
1.549026
-0.6939934
-2.991591
3.214307
-0.8331499
1.963183
-0.9610152
-2.833556
0.7963358
-1.953679
0.0749073
-3.005785
-3.839365
5.52478
-1.20416
-1.021868
-3.631507
-3.34029
0.8258356
-3.307174
-3.961445
-0.277324
-0.1196514
2.102125
0.6241604
0.6108344
1.190967
-1.631161
-0.3546894
0.285008
5.289378
-3.703548
-0.9855928
-0.5036561
-1.513245
0.8298277
