0.715782
-2.653857
2.615703
0.3406116
5.211777
1.40697
-2.176476
3.69949
2.202769
-4.41374
5.192132
-5.073962
-3.577503
-4.478525
4.452561
1.981292
-9.308007
-2.778029
-5.041855
3.742994
3.115802
-1.895066
-0.8771936
-0.940887
-1.824864
2.172651
0.4435414
1.472454
-5.081005
-0.311413
-1.429112
0.7299618
2.608513
2.21872
-4.06798
-2.752354
3.804609
1.204592
4.473258
6.447621
2.433062
1.872919
-5.067759
-0.2876637
3.453411
5.2184
4.607545
-2.278217
-3.732524
-0.03828239
-1.089527
1.14169
-2.751547
5.21753
0.8904661
4.331631
-2.353573
1.431818
1.785213
3.749655
3.403426
1.175414
-6.255343
0.1463718
-3.728842
-1.499016
-1.918388
-0.2804101
1.721101
-5.982985
2.573566
0.604342
-3.909975
-2.535792
3.537925
-0.1366596
-1.714182
-0.1477741
-1.012109
-2.70592
-2.666841
2.821846
5.121105
2.196268
-2.937438
0.04689831
0.2134515
-3.665087
-5.679803
0.9828768
-3.807071
0.7613496
-4.109425
-2.782155
0.0262633
6.42389
-0.9121066
-0.7261987
-5.20378
4.608721
0.3187676
-0.279411
-1.082187
-0.07032239
4.788383
5.224361
-3.683654
-0.8334543
3.687575
-5.81735
0.5520657
7.423928
4.31742
-1.081865
-3.949701
2.062241
4.048969
2.933766
-0.920389
4.328029
-3.95618
-1.902969
-1.539032
-4.448451
-3.966583
0.9902239
-1.683932
-2.103142
0.9824933
2.134843
-0.6838213
-5.120052
-1.867567
0.6716301
-2.550013
7.801913
0.7562573
0.06718099
0.9817345
0.1776534
-1.036393
-0.9857586
-2.013316
-4.668216
1.532378
2.222295
3.094693
0.6792885
1.572978
4.072876
-1.115969
-3.512142
-0.05727245
2.33487
4.20621
-0.1591247
1.649286
-0.1936541
3.63295
0.5472237
6.441239
-4.114865
-0.04793099
0.3373054
1.618664
-0.1569807
1.022244
-3.699828
2.993389
1.212076
-2.215738
0.06705862
0.9814931
3.018003
5.828053
0.6100884
6.351779
0.7065104
1.302349
-3.956676
-2.250357
2.741772
-4.077983
-4.000708
-5.050205
0.6592312
-0.3218181
-3.664822
-8.963552
2.681233
2.043467
3.156533
4.027305
-1.90999
0.07909828
2.178068
-0.2842911
4.622847
-1.002458
-3.808383
-0.601713
0.7929034
3.135776
2.957784
-2.396621
-0.2375421
5.062994
3.565439
1.79169
1.106664
-1.397925
5.021202
0.2194173
1.579501
1.190952
2.594198
-2.376353
3.665342
0.5394512
1.447589
5.029582
-2.765738
-2.178987
-6.58403
2.70576
2.709633
0.5176383
2.074941
2.753016
-1.451145
-5.220872
-4.013161
-2.750784
5.394839
-2.637331
-1.108996
4.080034
1.824943
-3.530765
-2.693408
-0.4247808
2.569881
-1.097272
8.721316
9.177712
3.400103
4.825356
-1.759419
-1.834723
3.510966
-2.963298
-1.075583
-1.111681
9.074544
-0.3325241
0.4237994
-0.8919019
-0.3412469
1.52191
-0.0854677
2.575602
-4.383258
1.261163
-1.654095
-1.587802
2.151002
-3.363231
7.181118
-2.343112
1.709624
5.28437
-0.5251179
-1.924015
-2.557465
6.576687
-1.739537
-1.20106
2.040888
-3.082375
-0.2804311
-10.297
-1.015812
-2.822151
0.01619828
1.913917
-0.8270599
-1.675779
-1.26229
4.698607
0.6567984
-0.3286842
-0.7368619
-0.4623035
7.092692
3.300388
4.035999
0.8458467
-0.3070832
0.9995363
5.340246
-3.194478
-0.4949354
-0.5923094
-0.05595881
1.885039
-2.665801
2.776113
1.29825
-2.214938
-2.233622
-1.987985
0.8865961
5.733855
1.998969
-2.304227
1.475379
4.199525
0.9324699
10.28204
1.255059
2.933163
2.037498
1.937364
0.0495581
-1.965488
1.82014
3.824004
-2.04985
4.824863
-0.1693064
-2.245155
0.05077368
2.041429
3.910921
-2.124307
3.037897
-3.614072
4.980275
-5.235451
-2.240577
3.455791
-2.00123
0.1377628
-0.3559449
-1.496492
2.749131
9.210697
-2.770069
-1.93962
-1.467425
6.759336
3.698761
0.6665848
-4.64255
-1.069284
-2.1833
2.026564
-1.478904
5.180018
0.02042793
0.5280266
-0.2580032
3.756664
-0.3078855
4.186254
-1.151531
4.249272
-0.6322689
1.950449
-5.198865
0.3276957
-1.505282
2.73226
-3.954443
2.485859
-3.484184
1.397827
3.556368
-1.916054
-3.247423
1.410847
-1.364427
1.533846
1.708172
-4.224667
-1.072624
-1.115292
-5.756971
-1.663129
-3.05681
0.3396106
0.6120811
-2.328658
-6.938691
0.7863652
1.275617
-5.328537
6.796342
1.879596
0.487487
-2.651354
-0.156262
-8.454533
7.48744
-3.037317
-3.911782
-4.047503
-0.902999
6.689822
1.346587
1.000468
0.7361634
-3.789232
4.351592
2.236628
-1.663613
0.7543377
2.039241
-0.7621855
1.317016
-0.760415
3.006087
-3.668644
5.229087
-4.073931
2.530441
0.8958419
-3.853959
-3.133924
-2.291717
-6.452145
-1.268661
2.785233
0.08803368
-2.02076
-0.3389802
2.239036
2.559143
2.443565
-2.597261
-0.4319739
-0.1041441
0.07348531
1.740062
-1.762532
-1.301618
4.369856
6.357156
3.110788
5.541833
-4.257236
-4.26427
0.256507
-1.854585
2.435291
-4.124208
4.51803
7.758217
-1.007329
0.9303454
-4.733534
-2.49508
0.3238379
-0.5232579
1.499286
5.232469
-6.451227
-5.593257
1.464878
5.154171
2.970473
-2.742113
-1.452159
0.1978254
-1.84641
-3.971337
1.497217
5.419424
-1.897697
2.683284
-1.752593
-0.5671749
-1.279075
-4.114888
-2.5734
0.744154
-3.216964
-4.752657
0.4597358
3.375649
-1.920404
-2.963739
-6.800463
-2.460569
-3.047419
-3.445358
-0.5393111
2.710347
5.009986
0.5944185
-0.09581077
-4.866123
-1.886666
-1.450089
6.616791
1.559841
2.157188
1.757591
-0.5426222
-2.413301
-1.00045
0.9836919
1.067186
-0.5831316
0.5275913
0.9035142
1.947681
1.07415
-2.455083
-1.142869
4.712719
0.2243248
-1.667103
2.341096
-8.283304
-5.852493
-0.9312394
1.407825
-0.6498903
-7.430447
-7.898966
-2.182641
-0.01407003
1.782555
1.863453
-1.96577
2.814222
1.168787
2.133244
-2.387784
-4.245715
-4.320316
3.592355
1.919446
-3.82735
-6.841505
0.9871397
3.032383
3.381338
-3.850983
3.331533
-1.898012
-2.05663
3.56588
0.4517348
-7.570228
2.358755
0.9605783
-2.360989
-2.470857
-0.8172126
-4.610188
-0.1783454
0.8428724
-2.904032
2.313267
-2.983857
3.381977
-5.856774
2.048046
-3.832557
-2.967052
-5.369894
3.250227
-1.415342
2.834387
-1.545141
-0.5050864
-0.3555101
-4.212471
-3.182901
-1.174716
2.05835
-4.588789
-0.1653523
-1.854339
-3.538064
-1.568325
2.849765
-6.57853
3.197304
-1.999613
-3.266391
-2.474825
-0.4858276
1.558639
-3.257558
4.279407
4.018609
2.335836
-2.140077
-2.041337
-1.430634
5.412044
0.835897
2.765156
1.466301
4.360592
-1.847929
1.81837
4.392696
-3.663769
-2.982655
4.642691
0.02014095
0.2005231
0.186102
-3.52526
1.407902
2.899614
4.960648
5.289806
0.0738672
-5.346436
-0.6806876
4.523723
-5.081948
-2.30836
-4.787827
-1.455774
-1.729068
0.3850909
-2.852526
0.3831201
-0.05910397
2.61831
-0.5356268
0.6841428
-3.298669
-0.7484777
0.994305
-4.198928
-1.156339
-2.635942
0.3232572
-1.200445
0.9422303
-5.731175
-1.06891
6.956087
-3.193927
-4.564448
0.3090743
3.947563
-5.472246
-7.971489
1.697394
-5.835903
-3.764097
-5.21406
2.137395
1.745297
-0.7061318
-1.532608
-3.502027
-4.690128
1.334342
0.5131895
-0.08910459
-5.061799
1.435078
2.751165
-0.4854694
0.4620966
-0.2007685
-1.601793
0.1598267
0.04198283
-0.07829076
-1.820655
0.2420171
-3.149072
-0.01877327
-4.426
0.03683281
6.186925
6.852322
-0.9289054
0.3834864
-4.704703
6.844919
-2.132341
4.286388
-1.194448
-4.845506
-3.37849
-2.683584
3.565106
2.444054
-1.939102
0.6470284
4.598476
-6.326086
0.9905084
-3.010385
-1.226678
6.391887
-4.672028
-3.837886
-2.822687
2.830457
1.219142
2.449687
0.1747047
2.366477
-4.238062
-1.712406
8.548477
-1.633393
2.99595
2.628038
-2.974899
-0.1763205
-1.74178
-4.546657
2.288007
-2.717087
1.940066
0.2244946
3.063096
-2.55629
3.854643
-1.119553
-0.4795122
-1.978751
-0.9651154
-5.330857
4.093567
0.7205734
2.790009
2.014646
1.036234
-3.985152
-1.067075
-3.803361
3.948468
2.345938
2.451168
3.74562
4.193873
-3.07329
0.6446529
3.433607
-2.112847
2.04584
-5.757434
6.79213
0.1725575
-2.823004
0.5398176
1.392756
2.479937
-1.297438
0.2766858
3.08225
1.567803
-3.304387
-4.528833
-1.664208
4.666557
-2.264825
-2.726931
-0.9272379
-3.888999
-6.983862
1.338324
4.262123
2.012182
-1.408124
-0.6470443
-3.147236
1.636688
-1.348272
0.4891533
8.644315
1.481593
-5.190604
-1.217914
-1.533997
-2.823769
5.491163
0.6452192
5.861146
0.3366488
-1.298667
4.317183
-4.145551
4.446433
-1.497162
0.01654935
-7.414094
-1.697175
4.221222
2.968594
3.657481
0.2363369
-2.10556
9.287393
2.974984
3.975195
-4.438709
-2.42779
-2.176535
-0.5560637
1.599353
-1.238029
0.2909421
0.5639771
-7.595283
-5.374228
-2.910989
3.419038
-0.5245513
2.225338
3.414221
0.4666861
-0.2134706
0.2043663
-2.915618
1.861774
3.942261
3.976405
1.49251
-0.9832888
-1.451945
0.647379
2.113027
-1.932486
-0.0322594
-4.465983
0.2150236
-0.5669725
1.668154
4.793271
-0.2362048
-3.076749
-0.1931473
0.6610683
4.044027
3.266925
1.167245
7.59995
12.90056
4.401068
-5.51881
-4.159262
1.82473
3.632863
3.043235
-0.8355598
0.6837958
-1.109455
0.9222025
-1.438456
-3.361596
-0.4627415
4.238384
-0.5965821
5.947825
3.161428
-5.203548
1.213394
-0.3673888
-4.232079
2.645147
0.5622457
3.771027
-0.4267543
3.889504
-6.92229
1.421131
0.03503667
1.17076
-3.328384
-1.06864
-3.751201
-6.912841
4.797548
-0.697451
-5.572761
-2.229453
-0.6225602
0.8665237
2.313403
-2.55736
-0.5293822
2.400168
-4.324339
-1.174853
0.04002219
2.031424
-1.312409
2.173558
0.9520694
0.8780705
3.591587
0.3559426
0.7036693
-0.5805489
1.260972
3.052614
0.2881962
10.76376
6.41056
-0.5129168
1.539058
-1.5754
-0.6904507
-1.766651
-2.89497
-4.815817
-2.788973
-1.51011
-2.806532
-0.5642904
1.101788
0.7827192
0.0580824
-1.521948
-0.04658979
-0.2510191
-0.3821663
2.774034
0.2785374
-0.2122149
4.949587
2.320374
-0.122917
4.022388
-0.486935
1.613524
-2.650155
3.639476
2.491929
2.979393
-3.252635
2.706961
1.639416
5.884673
4.361014
4.876355
2.708561
-4.335459
1.93354
4.470829
-0.3786127
-5.292859
0.2292646
4.08869
-2.528055
4.59066
4.653282
-0.2183145
-0.7566712
-0.8832254
2.582778
-6.41399
-0.7344171
3.882318
3.523978
-3.874141
0.5061853
-2.39516
0.5261717
-0.4001932
-2.286053
-2.96734
-1.585154
-6.976357
9.494638
4.113955
4.339846
-0.4679418
1.49635
3.577494
-0.7071906
-2.374412
-3.39298
2.350256
-1.252807
0.03401493
-5.440927
0.8657374
1.722795
1.663912
0.3156193
3.172731
2.73323
2.401184
1.399196
-4.126499
-1.272549
0.3935004
-1.222295
-5.391968
2.301981
-2.307323
-0.2677646
0.5555205
0.9157341
-2.582017
-2.217587
-8.112628
2.195847
-6.10951
-3.23704
4.719196
0.9570948
-2.361304
-0.1223053
-3.987842
-8.248724
-1.190774
-3.01908
-4.490945
-5.496168
0.8039005
-1.560362
-3.172375
3.963746
-5.884517
-0.7745361
6.207942
-8.167955
-2.057534
-1.532558
0.9751713
5.075267
-1.559459
-4.714262
4.298989
0.6352624
1.567236
1.868148
-3.65499
-1.370681
5.116709
-1.2977
1.170451
1.396573
0.5585872
2.970824
5.319357
-0.5833813
2.124976
-2.559166
-7.277441
-6.763547
-1.549461
2.786591
-0.00466013
-5.122619
2.532982
0.04799137
7.636553
-5.205095
3.105268
-3.673919
-3.266811
-3.022106
4.854381
-1.249281
5.963024
-0.2035598
-6.556232
-1.536123
-0.285572
3.81011
1.612507
3.946444
-1.992914
2.603991
-0.2609004
-2.372525
-3.833089
1.525201
2.912557
-1.23296
0.7744575
-0.1340771
5.445126
-7.553676
0.6805524
2.019702
0.9156684
-1.674902
4.521367
4.548053
-1.380581
-5.424675
-3.656391
-6.976748
0.1695586
-0.1727502
1.061712
1.957785
4.497873
-0.2443653
5.478348
-8.109759
-2.091407
-2.033444
1.701916
0.4757545
-2.07006
8.23577
4.380988
0.3506252
0.5841602
-3.73027
4.422213
-0.2263473
-4.223639
0.1726962
1.506475
3.581082
6.331005
0.7094131
1.872461
0.4865987
1.195443
0.2000905
-4.668551
0.7183561
0.5082416
0.4752707
-3.894683
-0.165907
2.770578
-0.2800355
-3.068506
-0.33621
-6.321462
1.23563
3.071917
-0.9267672
-3.644414
-1.83826
0.6565658
2.856147
-1.075394
2.290441
2.013108
-1.612814
-3.890925
-3.840645
-1.321311
2.879005
-0.5896667
1.942067
2.574404
-4.72629
-7.148602
0.3256542
0.8914345
0.9755234
-2.549176
0.2491149
2.176013
-1.632978
3.89116
3.660988
-7.633059
0.4805021
-2.091275
