-0.2898514
0.8482527
0.5846499
-0.957291
0.09222168
-0.1212907
0.5133261
0.7521311
-0.2242227
-0.07437563
-0.1540411
0.8129315
-0.02218497
1.333616
-1.011339
0.1197907
1.074005
0.4914556
-0.6736126
0.2469087
0.5757845
-0.6169811
0.4695216
0.8529517
-0.9277822
1.038576
-0.2318148
0.9745663
0.3419239
-0.4416761
1.152875
0.834843
1.439765
0.5690262
0.02100319
-0.1216129
0.5708789
-0.5885851
0.4038438
-0.4788298
0.4953655
-0.1949403
-0.2914867
-0.1970803
0.5861898
0.1438446
0.720669
-0.09945261
-0.008374214
-1.222168
1.189535
0.8168135
-0.5577303
0.03923106
0.3756425
-0.3437781
0.6493083
-1.484335
1.174488
1.305322
0.7073222
-0.9362413
0.1681202
0.5309372
-0.8613582
0.02241115
0.670089
-0.4948835
0.2218413
-0.4606497
0.7935293
-1.719673
0.499938
-0.6629208
0.8751521
-1.260643
-0.7554849
-0.2826892
-0.8631437
0.01603878
-0.1296942
0.7414681
0.6134918
-0.1526432
-0.7745941
-0.3291198
0.1029605
1.017308
0.2791868
0.1758944
0.5817634
-0.5150091
0.1239973
0.7805669
-0.1776899
0.9471824
-0.07991345
0.699872
-0.1696492
-0.3817496
2.043027
0.6714551
0.5554714
0.160543
-0.1340279
-0.0873304
0.2048395
-0.4345438
0.514165
-0.02325243
-0.537218
1.056071
-1.042643
-0.3080404
0.3611004
1.190475
0.7980111
-0.5412425
-0.2309449
0.7565238
0.3438977
0.7180805
-0.8738912
-0.2523187
-0.1128337
0.3594152
-0.1728565
-1.209101
1.218952
-1.140771
-0.6654447
0.5730935
0.01590785
1.124346
-0.7493185
-0.9937093
-0.93638
-0.5928428
-0.6677721
-0.4137073
-0.7833869
-0.9390188
-1.20217
-0.7310657
-0.02053031
-0.06205124
0.1248212
1.390038
1.003678
0.4907909
-0.1477649
0.1711349
0.9387599
-0.397134
-0.6918953
-0.1712692
1.86895
-0.1559358
0.9156051
0.6965175
-0.5447876
-0.2322616
-0.6717242
-0.01209515
-0.02126294
0.5678768
-0.9077911
-0.3697371
-0.3055377
-0.2116774
0.8131397
-0.8146257
-0.7079028
0.6955934
0.9533908
-0.4172724
1.311761
0.05540371
0.1233078
-0.3847189
0.5783917
0.8000168
0.2624618
-0.07962722
-1.373956
-0.5930398
-0.236666
-0.3789228
0.05546379
-0.4982213
-0.1889564
0.2685453
0.9759548
-0.6303042
-0.2462168
-0.5806884
-0.07103214
-0.08374007
-0.1915765
0.9772636
0.9742507
-0.06672573
0.9910834
1.140522
0.7434067
-0.5201488
0.620248
0.5272434
-1.084901
0.03394304
0.7144049
0.1815526
0.231882
-0.1851159
0.1475347
-0.8086619
1.055947
-0.1776576
0.1287416
0.01908591
0.9883173
0.07257771
-1.724532
0.9857359
0.5015715
-0.2625133
-0.101922
0.1827965
-0.4529555
1.079033
0.1880085
0.6016074
0.4732727
-0.5344509
-0.7243752
1.737993
1.507306
0.561604
-0.8018829
0.055843
1.588806
0.4415745
0.3635734
0.1424984
0.1423
0.3739916
-0.7225839
-1.077958
-0.5775685
-0.5705439
-0.4564908
-1.013464
0.409508
-0.4951832
-0.7423847
-0.7385671
0.2952217
-0.4188603
-0.6692547
1.494072
0.3796788
-0.9003088
0.3102083
0.9626114
0.3591142
-0.04472035
-0.4313303
0.1691547
0.009868011
0.1666909
-0.2347892
1.607049
-0.459101
0.5026894
1.338846
1.225677
-0.09458679
0.5716003
-0.2105753
0.3257019
-0.06964993
0.4164463
-0.9027807
-0.6986637
-1.052363
-1.443949
0.7416641
-0.6142095
-0.1263348
0.4175918
0.2588263
1.945145
-0.5528675
-1.32156
-0.6947945
0.995052
-0.4959828
0.04225248
-1.24632
0.8263056
-1.149724
1.458559
0.4171586
-0.2872104
-0.4875357
1.268139
-0.202598
0.05026418
0.03363726
-0.04787451
-0.8479432
-1.193839
0.4087316
0.2263308
0.3757688
-0.5468726
0.6882427
1.000035
0.2735403
0.1159811
1.223191
0.732801
-0.2458892
-0.4061199
0.8549324
-0.07685345
0.4100676
0.2459409
0.3469408
-0.09146947
-1.093276
-0.1424052
0.3924974
0.4806309
-0.8631642
0.7607348
0.2177898
0.215654
-0.1068173
-1.733956
-0.3471546
0.4987255
1.271486
1.146237
-0.4017076
1.34684
-0.1480018
-0.3204035
-1.32799
1.030845
1.167968
-0.2222374
1.050033
0.02797952
-1.988258
-0.3131426
0.5529125
-1.293988
-0.03010823
0.8942437
1.46705
0.08769202
-0.179473
-1.437225
-1.582361
-0.3068711
-0.6412319
-0.2611356
1.033132
-0.2908943
2.020816
-0.5247563
0.609202
0.3553735
-1.385064
-1.46912
-0.4717509
0.1367157
-0.4693146
1.2281
-0.7048414
0.07552981
0.4622465
-0.7097189
0.1853906
0.8185085
-0.3461686
0.1380031
-0.1980135
0.5750077
-0.1104482
-0.5757412
-1.091284
0.4921327
-0.5997874
0.325147
-1.127693
0.2018483
-1.195674
0.05576575
-0.6797878
-0.6314431
0.8005301
0.1757825
-0.7833632
-0.9737003
0.6061426
0.2396493
0.4754568
-0.3105248
-0.8272018
-1.356103
-0.6722229
-0.5193892
-0.04066604
0.7543761
-0.6292508
0.5988488
-0.3304996
-0.3619674
-0.9310392
-0.4425929
0.4936084
0.06964415
0.8699496
0.5140961
-0.7628523
-0.8067597
1.069323
0.8493072
0.6982982
0.07896644
-1.030114
-0.6907695
-0.3353362
0.4006456
0.700539
0.1263274
0.4498753
0.4464905
-0.4212771
-0.1236736
0.375858
-0.1042094
0.3494243
-0.1994742
-0.4702084
-0.01475155
-0.2523651
0.4218752
0.006159931
-0.3351198
0.7406521
0.6159356
1.096028
1.200013
1.494899
0.795225
0.03142767
0.557496
-1.647171
0.01311335
-0.8709127
-0.3352495
-1.050422
0.7718016
-0.296017
0.8514278
0.2165249
-0.338839
0.05692911
0.8553725
-0.4455877
0.2101012
-0.5426857
-0.3642902
0.06447116
1.017637
-0.3294263
0.3544677
-1.015297
0.2061576
2.791294
-0.7503144
-0.4849061
-0.3007911
-0.3485951
-0.05347773
-0.5804186
-0.1813195
0.7291024
-0.02846515
0.05366807
-0.04811104
-0.6769548
1.211776
-0.5383566
0.5472779
-0.3442864
-0.8939316
0.5170577
-0.1443022
-0.3915002
0.8004224
0.4755065
0.4925844
-0.2359895
0.118445
0.2804668
0.3259709
0.6254455
-0.7258503
0.05092686
-0.2432023
0.4467697
1.225537
-1.051659
0.2035238
-2.420187
-0.2342751
-0.4945531
-1.157047
-0.4220268
1.078274
0.00289768
0.7795699
-0.7280725
-1.100693
0.2055268
1.011048
-0.9905629
0.09071718
-0.6836885
-0.5721289
-0.2765812
-0.8638518
-0.07077773
-0.6155841
-0.5362256
-0.1554435
0.6762937
-0.9760352
-0.007731825
-1.250071
-0.09373797
0.5863659
-0.1097866
1.602256
-0.244476
-0.2565372
0.836077
0.6153515
-0.7463101
0.3044969
-0.452246
-0.1213768
0.4159604
0.004887611
-0.3107418
1.355025
-1.135418
0.2623462
0.6154884
-0.2232121
0.02228671
0.6505283
-1.12827
0.8937837
-0.3115812
-0.3500127
0.9489063
-0.7523613
1.574768
0.4938422
0.2071064
1.032622
1.147368
-1.307694
-0.2803766
1.343373
-0.1827144
-0.2697196
0.6919116
-1.671292
1.459499
-0.1722435
0.3282697
0.9453974
-0.2895249
-1.042857
-1.132487
-1.841847
-0.3735982
2.106092
1.400217
-2.360693
0.1415816
0.1774668
-0.3079078
-0.4386048
0.8120117
1.192593
0.1433774
-0.01561499
0.5006875
0.0256038
0.3696826
1.913691
0.0706768
-1.523572
-1.76117
-0.8646781
-0.1414348
-0.9644653
-1.676708
0.3861887
-0.1631539
-0.2936459
-0.3908829
1.12763
-0.8240004
-0.2643824
1.426988
-1.145771
-0.2529384
0.1489173
-0.3483987
-0.8453139
