-1.962324
1.086938
0.3726308
-1.594327
-2.032291
-1.295721
0.8312029
-0.6606675
2.111969
1.009213
-0.6931982
0.3554293
3.835763
-0.4989229
-2.328663
-1.427452
-2.015691
1.588543
-0.3732316
0.03864594
-0.9456879
1.742403
2.237323
-4.166567
1.168541
0.5785641
-0.3674767
1.860081
1.607461
0.03451771
-2.755164
-1.092746
-0.1765208
0.9603287
0.2746151
-2.257948
0.4426418
-0.5437333
1.031612
-1.140703
-1.825271
-1.821971
3.136252
-1.921893
1.084146
-0.1794676
2.296005
-0.7682182
-0.9172592
-0.6684894
0.2754888
0.632294
0.9153877
-1.15754
-0.5430458
-4.172286
-0.6343715
-0.4579206
-2.214447
-0.4206439
-0.3450935
-0.5734574
-2.111251
-0.6501195
-1.258342
-0.5700479
-1.568539
1.321318
1.474121
-0.02101356
-0.5472985
-0.6545552
-1.529698
0.6246026
-0.3609239
0.3214852
-2.25376
-0.561183
-2.442724
-1.564769
-1.849274
-0.2382298
2.113413
0.9372732
-0.6699413
-1.045704
0.2666468
0.3387108
-1.03119
-0.07547192
-0.2884997
-2.319162
1.683512
1.363589
-0.5853541
0.8460603
0.7905323
2.218807
-1.343806
0.1162057
-0.4383734
-0.2964799
1.489636
-0.8575224
-0.4966256
-1.86248
0.2647937
-1.690749
-2.698934
1.627226
2.167855
-1.592763
1.30928
0.08076072
-0.1235867
0.986559
2.290088
-0.2033998
-1.683623
0.5380898
-0.6876261
-1.680912
-1.744923
0.4525216
0.7059506
1.305857
-1.443015
-0.2176033
-4.192484
0.6163681
-3.195203
-0.9828575
-1.988732
0.3681751
-1.8552
0.7231774
0.8268447
-0.9206206
-0.1096859
-0.3088727
0.8838295
-1.204456
-2.57193
-0.2288747
-0.7415516
-1.922696
-0.6865064
0.6999733
-2.635686
1.145604
1.044404
0.5123291
-1.84703
-0.07313687
0.4236552
1.371353
-0.01625812
0.793719
-2.607029
0.6533385
-0.518145
0.3492419
-0.1306343
0.4807629
-0.7638741
-1.00012
-1.610088
-0.3005533
1.912164
-0.6733312
-0.7816645
-0.8572763
1.073517
0.8942367
0.8874441
-1.929741
-1.953077
-0.6727641
-2.166688
-1.070215
-0.5140914
0.9117132
-0.9114157
0.1023076
1.015671
-0.3562354
-0.9203056
-0.556661
-1.939712
-1.042919
-1.05433
-0.4041034
0.8810459
-1.705893
1.717412
-1.89359
-1.99004
-1.428396
2.73032
-1.821617
1.213804
-3.131838
-0.1278786
1.529532
-0.3073414
0.7479223
0.1891832
2.79446
0.2954815
0.841182
0.7559789
-0.8001138
0.5541952
1.134103
0.2456087
0.6414794
-2.573692
1.465457
-1.789915
0.5542104
3.887079
0.07448471
-1.825822
0.4752501
0.7765256
0.9048296
2.977531
-1.548902
-1.066546
0.4744684
0.8129174
0.9352249
-0.5619744
-0.8188281
-0.3338466
-0.7513628
0.3915915
-0.1207629
3.935513
1.157148
-0.559344
-0.767735
1.569518
0.6164762
-0.5184087
0.1425285
0.08345431
1.068425
1.348685
-0.2117088
2.392219
1.030459
-1.136866
0.5112502
-0.2740071
-0.8139449
1.089661
1.722445
-0.1292113
-1.255441
-0.5879953
2.465964
3.325394
1.665848
1.620393
0.6146622
0.3358409
-1.165923
2.244285
-1.605952
-0.454434
2.32922
0.005828023
-1.287142
1.566257
3.803635
-0.1881279
0.1125887
-0.8469988
2.802967
0.06199944
-0.3143467
-2.322094
1.236733
-0.9477286
0.6738511
-2.582443
2.530977
-1.528146
-0.005568027
3.056403
0.3504233
1.067635
-1.981708
-1.720276
-1.128433
-0.1112937
-1.147514
-0.5954134
-0.250389
-1.392127
0.8059022
-0.3478566
3.381059
-0.07115741
0.2377219
-1.61201
-0.1016987
0.7603623
0.7794068
1.623158
-0.8266391
1.44767
0.309568
-1.77204
-0.1167324
0.7442543
-1.575241
-0.2124624
-0.9994344
-1.694454
2.469575
0.2404993
0.8670344
0.67747
2.115304
1.290802
0.357004
-0.8326443
-0.3115791
1.896662
-0.3373079
1.755999
1.51299
0.2753781
0.6981884
1.548028
-0.5383474
0.1038089
1.685616
-1.125939
1.955589
-0.3842776
-0.2970427
-1.043419
0.1579766
-0.7077938
0.8028182
-0.2305834
-3.019614
1.110328
0.4599993
0.757418
0.7513186
0.9417055
-1.196937
-1.554664
2.572471
-2.637468
-0.2405076
-0.3881722
-0.2486674
-0.5984908
1.029771
-2.775927
0.2791282
-0.2026875
0.07961029
-1.351704
2.49014
0.4612656
1.059557
-1.666183
1.345478
-0.04823038
-0.8940278
0.7110766
0.4233735
-1.370475
0.2925581
-1.838692
2.551113
-1.231733
