-0.4344084
-2.835083
3.862644
1.403542
-2.984509
0.6130461
4.211191
-1.201571
-0.2654532
-1.012191
0.6750927
1.149686
-6.391786
1.53146
1.043057
-1.540401
-1.545591
-3.315135
0.5228963
-2.081276
-5.023096
2.868186
1.193807
-1.160752
0.1765983
0.09334278
0.6999204
-2.694633
0.2672964
-0.5251201
0.648097
2.148311
-2.544949
0.06293845
-0.344154
-4.118615
1.407501
-2.756798
1.128892
2.986493
2.227707
-1.580436
1.926427
-2.435317
-1.87192
-2.43421
1.406318
3.30078
-2.132846
-1.767102
1.518311
-1.24054
2.470109
-0.716491
-2.290623
-3.677202
-3.055719
1.803442
-2.548547
2.979941
0.04163462
-1.81544
4.067282
-0.3334648
-0.1625649
-2.280168
3.572561
-2.279396
-1.184993
2.115055
1.184025
2.589593
2.920806
-1.008367
0.7453646
1.549397
1.786385
0.1860814
0.353719
-1.198385
-2.286835
0.3943989
-0.05393136
-2.093584
1.764942
-1.186589
1.158266
-1.04746
-1.102695
-0.1500324
0.8839682
-3.490079
-0.080401
1.839473
-3.893499
0.4339263
0.1467778
1.863754
-2.279732
-0.2761377
-2.962104
-1.635736
-1.216753
-1.890783
0.2305922
1.982821
-0.2822995
0.5705083
1.913706
-1.934448
3.643251
1.400277
1.316798
3.468986
0.7113011
-3.898888
1.955979
1.468642
0.8475394
-0.1482249
0.4513726
0.8164816
-4.501244
3.887083
2.404114
4.185068
-0.0002006292
0.1578373
-0.07283145
0.5913829
2.561149
3.824531
-1.626589
-1.257143
3.264987
-0.9472942
-0.6522927
1.917135
3.152694
-2.569081
-4.470181
-1.260266
3.114854
-0.3445634
0.5136124
0.7864905
1.473148
3.096864
1.166109
2.833813
4.05346
4.380549
0.3472532
-1.160241
2.874093
-1.171078
-0.945134
-2.764788
0.03349493
-0.3411962
3.231394
4.700407
0.594999
1.097236
0.6651819
-0.5948353
-3.290352
3.360219
-1.248273
-1.667316
3.484964
-1.294828
2.355121
-2.284004
3.224702
1.03898
-2.957529
-1.653247
-1.278484
0.3906713
-0.5365013
2.180982
2.037002
-2.074579
0.07419169
-2.411037
0.8797478
2.211871
4.054502
1.111398
1.010702
-0.6980078
-1.856949
0.3898026
-0.8015879
-1.575126
0.136225
0.6711322
-3.594308
0.1312354
-3.238385
2.689013
-0.5639689
3.003725
4.995149
0.8296073
0.6607744
-1.091231
-1.141111
-2.790558
0.908419
-2.396177
3.140921
1.111679
-1.458901
-0.2198032
-0.6231584
2.568521
1.443503
-1.477553
-0.9884324
-1.909203
-2.289633
-1.583632
-1.548
-0.7887241
0.244125
5.770019
0.07126431
-1.85144
-2.428198
1.459989
-0.3675092
1.479324
0.2623114
-1.105711
4.377955
-0.2782856
1.657713
2.832756
-0.4377912
-0.0596412
-1.482464
-3.472874
0.6506234
-2.658175
-4.062598
3.308185
-0.2076485
2.143952
4.383539
-4.873658
-0.2340189
-1.434646
-3.834357
2.293636
-0.432185
5.161939
1.02181
-2.554842
-2.301815
-0.4445058
0.6276591
-0.519747
-1.603446
-1.664033
0.3153313
-0.7173237
1.401927
-0.8644348
2.511119
-2.938946
-0.6124409
1.475647
5.527095
4.926314
-0.5119088
-2.155966
1.498757
-2.711742
0.08504546
-3.107521
0.4377916
-2.087599
-3.341259
0.7787437
-1.927475
0.2833173
-0.2173234
0.4122077
5.266213
-2.657181
0.155257
-0.07507898
1.809813
-1.148789
0.7117841
1.203267
-1.174611
0.004450262
2.798425
0.1020715
3.431759
0.656149
-3.325976
-0.9541745
-1.857033
-0.6280916
0.207341
-1.815356
0.7973601
0.805241
0.3094113
-0.2774056
1.531924
-2.22593
1.646446
0.5700924
1.043021
-0.8572514
-0.08994414
4.699266
3.409214
1.832298
-1.801923
4.258183
1.47384
0.6367455
0.3786001
-0.2103394
-3.341259
-0.02655107
0.2696874
4.346701
-4.471827
0.0650571
1.053316
1.05342
0.3536047
-5.099614
-0.4362425
0.4111322
-2.564819
-0.6553609
0.2243644
4.887429
1.614781
-1.536191
-0.08429718
2.135333
-3.321516
-1.695667
-1.415706
2.4247
-5.500683
-1.701733
-1.155116
-1.41652
-3.44
0.3411711
-1.63715
2.779671
1.939038
2.017996
-3.424545
-2.944503
-0.690413
-4.285694
0.8120446
5.673743
1.943512
-1.19657
-0.7827518
-1.938585
3.927096
-0.2556385
-2.150385
-1.268744
4.136176
-1.838513
-0.8426443
-2.925958
-1.332119
0.2925329
-1.097819
-0.6761581
-0.01480782
0.1167425
1.169376
-1.258608
2.728182
-3.18358
-1.47101
1.040496
1.028609
-0.6297965
0.492574
1.476475
-2.050037
-0.6163903
0.6943961
-2.197896
-2.812232
-1.737896
-0.1179467
-2.11658
-1.250577
0.9624651
0.2081563
-0.5483217
4.617898
0.3060221
1.748823
-1.949412
0.3475837
0.0003171563
-1.60188
1.032415
-0.5152894
-0.9704388
2.240962
-1.783903
0.2234232
0.3095333
3.406744
-0.7700136
2.544439
2.606217
1.317965
-4.074159
-3.885525
3.150651
3.414852
2.849769
-1.96209
-3.027835
-1.560518
-3.418076
-1.22694
-3.737242
1.768004
0.6318322
-1.736443
-1.864209
-1.613457
2.759758
0.2805082
0.6755638
1.708306
5.343536
-0.008272842
