2.648309
-0.3147314
1.490421
0.1210532
-1.113448
-3.074208
-0.396233
1.436609
0.05555706
-0.2871321
-0.7218968
-3.206943
-0.6764851
-0.3364254
-3.09065
0.858349
-0.1572778
1.792513
-1.05055
0.6439947
2.771211
-0.2933817
2.56705
1.731491
1.305131
-1.654369
-0.288554
2.109544
1.263535
-0.01319838
1.32302
0.4262089
-2.343331
0.4376488
-1.923716
-1.561236
-0.2457862
-0.5781678
0.2480043
-0.2688847
-3.032798
1.814563
2.455538
1.030716
-1.668575
-1.057349
-1.235895
0.5098724
-0.9038512
-0.6631277
-0.5543523
0.2291018
0.7918632
0.1283038
0.3950415
-0.9495039
1.340123
-1.36012
0.773806
0.4847755
2.583297
0.4930574
-0.6901388
-2.292131
-0.8651527
2.561509
3.267407
-2.294723
0.6795882
-0.2946693
1.167552
1.750333
1.058216
-1.15921
-0.03146225
0.5048766
0.2838527
1.588759
-0.2981507
0.5339526
0.2343817
0.3204062
0.4562991
-0.8025827
0.1345643
1.915277
0.8123455
-0.3339273
-3.299487
0.7759076
-0.7533346
-0.8736989
0.6496649
1.420574
0.6683979
0.4838712
-1.402537
-0.4878061
-0.3415824
-0.9465525
0.4176447
0.1509351
0.1958587
-1.113796
-0.2752796
0.04801117
-0.3887811
0.4119613
1.210831
0.02910626
-1.582265
-0.4677863
1.860338
-0.3817661
1.001649
1.296443
-0.08211249
1.479141
1.456432
-0.2635297
0.08188175
-3.561897
1.358521
0.3981181
-1.653975
-1.459892
0.7543831
2.550028
0.4673834
-0.2907765
1.357057
0.6612523
-1.765976
-0.8877065
-0.9880133
-2.839405
-0.5622767
0.3233376
2.618796
0.4138194
-0.07158996
3.165784
-0.7147771
-1.702339
0.7629611
0.3665025
1.708827
2.295275
-1.04186
0.636418
-1.391903
-0.747863
-1.32003
-2.432754
1.83185
1.761143
2.941528
-0.9837475
-0.4950666
1.472382
-0.249318
-3.290535
0.8494051
-1.611186
-3.16502
-0.2620427
-0.7405507
1.447868
1.334515
1.109137
0.5462748
-0.938478
-0.09254473
-1.513039
-0.1306736
3.156739
0.1500462
1.200501
0.4311528
2.820665
-0.4398131
0.7795459
0.7987672
1.716016
1.118699
-0.171796
-0.1463073
-0.5315983
-0.8935683
-2.157497
-0.03512049
-1.120567
-0.9885135
-0.9273947
0.8206227
1.114447
2.517389
-1.527688
0.6343733
1.745727
-0.03724033
0.8068857
1.249878
1.42217
0.4559255
1.393252
-0.798602
-0.1667535
0.2985643
-1.09099
-0.3326296
0.180931
-1.944301
0.2445739
-0.4275098
-0.7389522
-0.8695693
-0.7259882
-0.5201078
1.244145
4.764979
1.616256
1.380645
-0.07074866
-1.044889
0.9416825
0.6124066
1.318612
-2.199591
-2.337317
-0.7441335
-1.605763
1.555241
-0.3031394
1.155909
-0.5725582
0.09652154
-0.368345
0.3114483
-0.6327722
-1.580595
0.3269979
-1.56637
0.6458754
-1.226534
2.278943
2.151985
0.2323038
-0.6211824
-0.2057443
-3.16662
0.02024382
2.124143
-0.442993
0.1193792
1.839676
-1.902788
-0.9564472
-0.4668431
-1.021855
-0.5531557
-0.1473578
1.316043
1.586223
1.90874
-0.9762946
-0.8981579
-2.92731
1.986735
-0.1725935
1.896276
1.041593
0.2855893
-1.554501
0.3281398
-0.5288448
-2.334694
-0.8411808
0.03915709
-3.467854
-2.496469
1.906541
-0.3100347
0.07613081
-1.09451
-1.424398
-0.01567139
-2.35547
1.600913
1.943154
1.912971
0.467843
2.12132
1.736127
-0.8509947
-1.314411
0.7040778
3.053109
-1.11229
1.127806
-0.1683296
1.459813
0.5902705
-0.7494029
1.485538
-0.687066
0.04831481
-0.1476831
-1.257086
0.5471003
1.180838
-0.586215
0.3052886
-0.3024898
-0.9503391
-1.894105
0.3372875
-0.4840699
0.5890094
1.385228
-0.6500638
-2.827456
1.288971
0.02843648
-3.023155
-0.4231883
1.999341
-0.6642592
-0.6305189
-1.152575
-0.1840712
-0.454551
0.5219551
-0.7999145
2.577737
0.4562168
-0.06128228
0.5118264
-0.542722
-0.6991773
1.180692
0.8003207
-2.555805
2.035945
-0.1379276
0.4304522
-0.4374662
0.7502892
-0.3401862
1.01594
1.070297
-1.001883
-3.082519
0.5463346
1.099488
-0.6016486
-0.5702192
0.1380261
-0.501727
0.391075
0.6749212
-0.1406558
0.6300881
-0.369638
-1.756444
-2.139846
1.424532
0.709021
1.243353
1.155874
0.4704796
-1.466995
-0.7036335
0.1087351
-0.5906604
-0.01812053
-0.835921
1.506377
-1.933213
0.290451
-1.842794
-2.55431
-2.09546
1.390913
1.066907
-1.046409
0.4893261
-0.6376469
0.9902029
1.796259
-1.142663
3.474255
1.543692
1.009261
-0.2153822
2.19782
2.0408
1.002787
1.017318
1.018627
-0.900519
-1.682702
1.559865
-3.371009
2.861351
-2.420112
0.5831156
0.396218
0.6757492
3.358486
1.466694
1.32644
0.3134785
1.049952
-0.2883617
-2.282906
-0.9860258
0.881317
-1.943844
0.009802997
1.213467
0.944731
-0.07113463
-0.3672891
0.4170272
-1.269064
0.6975651
-0.2488964
1.285625
-1.688873
-0.7091457
1.860014
-1.051845
2.708742
-0.7350498
-0.4405133
-0.2734874
-0.44509
-0.3225558
-2.096619
-0.6961824
0.7475626
-1.188072
0.7740982
0.3285557
-1.233195
1.58891
2.169062
1.689298
0.9942989
2.27618
0.7217283
-2.054903
0.01459342
-1.346716
-0.7424113
0.7493728
0.2837577
-2.432776
-0.9939708
-0.3128024
0.5217282
1.515873
-1.944766
2.133713
0.2957308
-0.9535623
-1.482755
1.655711
-0.4430414
-0.8965967
1.463723
-1.809132
0.5013019
-0.1099056
-0.6460526
0.2603281
-1.72501
0.7599287
1.024547
-0.9989835
-0.5165723
-1.047922
0.7334279
2.516562
-0.453797
-0.2731426
0.04884569
0.2721183
-0.8298262
-0.4650224
0.1895466
-0.8470141
2.40457
1.084197
0.5889879
0.2648236
-0.3167178
-0.8605229
-0.8568495
1.905762
1.778399
-0.4915285
-0.4737927
1.374526
-0.6226436
2.20082
1.501492
0.2232245
0.9178423
-0.6782034
-2.042
0.5034937
-0.7973609
-1.499016
1.522898
0.8212624
-1.289883
-0.0260815
-0.8385857
-2.032196
0.498602
-1.564615
-1.516396
-0.4461483
-1.248431
-0.205286
0.634698
-1.759261
0.8791651
1.419739
0.9404424
1.635161
1.730506
0.703201
-0.2800791
-1.666803
1.118249
-1.637752
0.4492587
1.0043
-0.9613659
0.4172027
0.03234512
-0.5744445
-2.437436
1.066747
0.09386116
-0.3809748
-0.8152036
-0.571982
4.854887
-2.365678
-0.07239273
0.8833089
-2.651614
-0.4777995
-0.8754776
-0.520035
1.036919
0.3417891
0.9952906
0.01704103
1.165066
-1.137788
0.3984905
0.2770131
1.145241
-0.2825771
0.3217656
0.523454
0.5152075
0.4770181
-0.5662702
-0.3366124
-1.616297
-2.202282
2.873063
-0.3107443
-1.499158
1.091059
1.044174
-0.3398796
1.162627
0.3104907
1.560703
0.5514213
-0.9691992
1.845767
0.8348476
-0.7861145
-0.4267186
1.757439
-1.085366
1.275151
2.094359
-0.9121164
-0.03772932
0.04130125
-0.4286091
-0.6482638
-0.6548701
-0.1722269
-0.01096165
-1.450539
-1.403591
-1.679137
0.3636147
-0.6616244
-0.2956892
-0.08914053
0.9208047
-0.003485858
-0.4166796
1.173961
0.3512947
-1.52381
1.409837
0.3690195
1.46625
1.500351
-1.011469
-1.328322
4.15204
-2.134434
2.643239
-1.935894
-1.715608
-1.788407
0.1987732
0.05892587
1.494399
1.611877
-0.7069172
-0.9824204
0.6036861
-1.063883
0.4570984
0.04040766
0.357925
-1.152855
-1.673969
-0.2531343
1.24518
0.05636781
2.011549
0.1686263
-1.819508
0.6953584
1.536787
1.071455
1.375865
-1.003026
1.63941
0.4313499
2.735872
1.707035
-0.1827978
-1.740965
0.8330927
0.9473341
-1.985328
-0.5889735
-1.462413
2.54658
0.3107585
-2.578282
1.516957
2.259181
1.434049
-1.922462
-0.5147496
-0.0273488
1.055542
0.901117
1.606031
-0.05623823
-0.8159813
1.121573
-0.3402224
0.936597
-2.36984
-1.118537
0.6860821
0.4043794
-3.101466
0.5449275
-1.474144
-1.678498
2.991556
-1.139752
-2.64814
0.04335728
0.5654688
0.4485005
0.09451687
-2.123165
-1.425929
0.7511877
-1.782912
-1.158857
-0.6140639
0.5644985
0.2505709
1.302929
0.9440152
1.399762
-2.850526
0.6342071
-0.2482787
-1.787019
-2.270396
0.857731
-0.3328991
1.063661
-1.032463
0.2463134
-0.5709434
1.246268
-1.323931
-0.3437583
-0.1614828
-1.06584
1.336299
-0.6166109
1.3204
0.5164429
0.8846413
2.07039
0.2334622
-0.6318132
-2.175254
-0.005406082
-0.5075534
-0.0508163
-0.6200184
-0.8772354
-1.202437
-0.5023206
-0.6456645
-0.9547047
1.219791
-0.3174171
-1.995819
-0.8023754
-2.114467
-1.151836
0.05112147
-2.443079
-1.938602
0.2144511
0.01823668
-1.386243
3.208288
2.27238
-0.4258534
2.094601
1.84122
0.1922869
-0.07431901
-3.98307
0.7614505
-0.7372354
1.896195
-0.1185601
2.485434
-1.157898
-0.1755991
1.926133
-0.4586105
0.6880682
0.1090028
1.565927
1.446485
-1.193051
-0.340896
-2.693014
-0.6494535
-1.157863
-0.3300038
0.602114
1.908716
4.592201
-1.341075
-0.858855
-1.382675
0.3075017
-1.524139
1.446052
-0.3977799
0.4287319
-2.018306
-2.11249
0.3509115
-0.5155034
3.276355
-1.113937
-2.169099
0.4763011
-0.4634826
1.50483
-0.3787307
-2.579004
-0.3851096
-2.341167
2.058377
0.4662163
1.076671
-2.065422
1.356586
3.845275
-1.749615
1.849512
-1.754304
-1.478362
-1.276888
0.3153598
0.5754023
-0.3481416
-0.6026852
0.3056157
2.605567
-0.3760171
2.187274
1.819656
-1.10695
1.934913
0.4134854
-0.5490013
-0.3688843
-0.3250579
-0.8701492
-0.321278
0.3284603
0.2234285
-0.7111053
1.45283
1.279731
1.789653
0.4810558
-1.531162
0.8209499
0.2375714
1.249679
0.03663725
2.121833
1.315413
0.07262999
-0.340809
-0.7887208
-1.581069
-0.5542925
1.432044
1.238969
-0.440527
-1.187287
1.802402
-0.7634034
0.1249492
-2.235
-0.4881116
1.782206
0.1267465
2.136921
1.359027
0.607354
-2.261056
0.2892074
1.363531
-2.850985
-2.782814
1.272745
1.691886
0.8112568
-0.2393816
-1.653472
1.681254
-2.163432
-2.281698
-2.561863
1.709954
-1.038196
0.05727312
-1.168078
-0.1515208
1.314092
0.4725782
0.09873681
0.9737011
-0.2684734
-2.185622
-0.3256876
0.1346318
-0.1450548
-1.736866
-1.393184
0.9018692
-0.1437298
1.355188
0.534502
0.03413326
2.257335
-0.2810475
1.837276
-0.939487
2.073137
0.221956
0.8132348
-0.07242057
1.533499
0.7385095
-0.02228913
0.6260719
0.6968033
1.480453
0.5585051
0.7572441
-1.407584
0.5997282
-1.233492
-1.993301
-0.8886312
0.01722139
0.1505144
0.3145466
-0.2103473
-0.539179
0.5164095
1.016731
-0.4694565
0.2970026
0.7741308
0.1724832
-0.6673546
2.831666
-0.1175266
-0.2755981
0.4406902
1.200556
0.6901891
1.127616
0.2738977
1.478033
-1.190542
-0.3994024
1.570621
-1.489742
0.2968909
2.380451
2.121577
2.064801
1.24047
0.6807406
-0.7887891
0.1771346
1.720028
0.08179086
-1.064329
1.70126
-0.6802161
0.03109467
-0.8091412
1.043587
-0.5526737
1.011967
1.599801
0.3204328
-2.765445
0.6583046
2.539637
0.2033234
-0.1404074
-0.05568898
-2.038309
2.63122
-0.2519912
1.135408
-0.7554672
-0.9342575
-0.2988241
-0.3063396
0.3751104
-2.102987
-1.695566
2.592444
-1.969968
-0.08676682
-0.8067029
-1.3394
1.049368
-0.764434
-0.9674094
0.5628693
-1.417703
0.2561225
-1.083039
0.2196568
1.184325
-0.9448593
-0.8987945
0.002913177
0.06861842
-1.293617
-0.5855054
0.3194711
-1.631094
0.7343386
